prismLinks = zeros(96, 2);
prismbVec = zeros(96, 3);
prismSlipPlane = zeros(96, 3);
prismCoord = zeros(96, 3);
shearLinks = zeros(96, 2);
shearbVec = zeros(96, 3);
shearSlipPlane = zeros(96, 3);
shearCoord = zeros(96, 3);
prismLinks(1:8,:) = [1 2; 2 3; 3 4; 4 5; 5 6; 6 7; 7 8; 8 1];
prismbVec(1:8,:) = [0.7071067811865475 -0.7071067811865475 0.0; 0.7071067811865475 -0.7071067811865475 0.0; 0.7071067811865475 -0.7071067811865475 0.0; 0.7071067811865475 -0.7071067811865475 0.0; 0.7071067811865475 -0.7071067811865475 0.0; 0.7071067811865475 -0.7071067811865475 0.0; 0.7071067811865475 -0.7071067811865475 0.0; 0.7071067811865475 -0.7071067811865475 0.0];
prismSlipPlane(1:8,:) = [0.5773502691896258 0.5773502691896258 0.5773502691896258; 0.5773502691896258 0.5773502691896258 0.5773502691896258; 0.5773502691896258 0.5773502691896258 0.5773502691896258; 0.5773502691896258 0.5773502691896258 0.5773502691896258; 0.5773502691896258 0.5773502691896258 0.5773502691896258; 0.5773502691896258 0.5773502691896258 0.5773502691896258; 0.5773502691896258 0.5773502691896258 0.5773502691896258; 0.5773502691896258 0.5773502691896258 0.5773502691896258];
prismCoord(1:8,:) = [-0.577350269189626 -0.577350269189626 -0.5773502691896261; -0.16910197872576294 -0.16910197872576294 -1.393846850117352; 0.4082482904638629 0.4082482904638629 -0.8164965809277263; 0.9855985596534886 0.9855985596534886 -0.23914631173810041; 0.5773502691896257 0.5773502691896257 0.5773502691896258; 0.16910197872576282 0.16910197872576282 1.393846850117352; -0.40824829046386313 -0.40824829046386313 0.8164965809277264; -0.9855985596534891 -0.9855985596534891 0.23914631173810064];
shearLinks(1:8,:) = [1 2; 2 3; 3 4; 4 5; 5 6; 6 7; 7 8; 8 1];
shearbVec(1:8,:) = [0.7071067811865475 -0.7071067811865475 0.0; 0.7071067811865475 -0.7071067811865475 0.0; 0.7071067811865475 -0.7071067811865475 0.0; 0.7071067811865475 -0.7071067811865475 0.0; 0.7071067811865475 -0.7071067811865475 0.0; 0.7071067811865475 -0.7071067811865475 0.0; 0.7071067811865475 -0.7071067811865475 0.0; 0.7071067811865475 -0.7071067811865475 0.0];
shearSlipPlane(1:8,:) = [0.5773502691896258 0.5773502691896258 0.5773502691896258; 0.5773502691896258 0.5773502691896258 0.5773502691896258; 0.5773502691896258 0.5773502691896258 0.5773502691896258; 0.5773502691896258 0.5773502691896258 0.5773502691896258; 0.5773502691896258 0.5773502691896258 0.5773502691896258; 0.5773502691896258 0.5773502691896258 0.5773502691896258; 0.5773502691896258 0.5773502691896258 0.5773502691896258; 0.5773502691896258 0.5773502691896258 0.5773502691896258];
shearCoord(1:8,:) = [0.7071067811865477 -0.7071067811865477 1.249000902703301e-16; 1.1153550716504106 -0.29885849072268467 -0.8164965809277259; 0.40824829046386313 0.4082482904638629 -0.816496580927726; -0.29885849072268456 1.1153550716504104 -0.8164965809277261; -0.7071067811865477 0.7071067811865475 -9.71445146547012e-17; -1.1153550716504108 0.29885849072268456 0.8164965809277259; -0.40824829046386335 -0.40824829046386313 0.816496580927726; 0.2988584907226841 -1.1153550716504108 0.8164965809277261];
prismLinks(9:16,:) = [1 2; 2 3; 3 4; 4 5; 5 6; 6 7; 7 8; 8 1];
prismbVec(9:16,:) = [0.7071067811865475 0.0 -0.7071067811865475; 0.7071067811865475 0.0 -0.7071067811865475; 0.7071067811865475 0.0 -0.7071067811865475; 0.7071067811865475 0.0 -0.7071067811865475; 0.7071067811865475 0.0 -0.7071067811865475; 0.7071067811865475 0.0 -0.7071067811865475; 0.7071067811865475 0.0 -0.7071067811865475; 0.7071067811865475 0.0 -0.7071067811865475];
prismSlipPlane(9:16,:) = [0.5773502691896258 0.5773502691896258 0.5773502691896258; 0.5773502691896258 0.5773502691896258 0.5773502691896258; 0.5773502691896258 0.5773502691896258 0.5773502691896258; 0.5773502691896258 0.5773502691896258 0.5773502691896258; 0.5773502691896258 0.5773502691896258 0.5773502691896258; 0.5773502691896258 0.5773502691896258 0.5773502691896258; 0.5773502691896258 0.5773502691896258 0.5773502691896258; 0.5773502691896258 0.5773502691896258 0.5773502691896258];
prismCoord(9:16,:) = [-0.5773502691896258 -0.5773502691896257 -0.5773502691896258; -0.9855985596534889 0.23914631173810041 -0.9855985596534889; -0.4082482904638631 0.8164965809277263 -0.4082482904638631; 0.1691019787257627 1.393846850117352 0.1691019787257627; 0.5773502691896258 0.577350269189626 0.5773502691896258; 0.985598559653489 -0.23914631173810008 0.985598559653489; 0.40824829046386324 -0.816496580927726 0.40824829046386324; -0.1691019787257625 -1.393846850117352 -0.1691019787257625];
shearLinks(9:16,:) = [1 2; 2 3; 3 4; 4 5; 5 6; 6 7; 7 8; 8 1];
shearbVec(9:16,:) = [0.7071067811865475 0.0 -0.7071067811865475; 0.7071067811865475 0.0 -0.7071067811865475; 0.7071067811865475 0.0 -0.7071067811865475; 0.7071067811865475 0.0 -0.7071067811865475; 0.7071067811865475 0.0 -0.7071067811865475; 0.7071067811865475 0.0 -0.7071067811865475; 0.7071067811865475 0.0 -0.7071067811865475; 0.7071067811865475 0.0 -0.7071067811865475];
shearSlipPlane(9:16,:) = [0.5773502691896258 0.5773502691896258 0.5773502691896258; 0.5773502691896258 0.5773502691896258 0.5773502691896258; 0.5773502691896258 0.5773502691896258 0.5773502691896258; 0.5773502691896258 0.5773502691896258 0.5773502691896258; 0.5773502691896258 0.5773502691896258 0.5773502691896258; 0.5773502691896258 0.5773502691896258 0.5773502691896258; 0.5773502691896258 0.5773502691896258 0.5773502691896258; 0.5773502691896258 0.5773502691896258 0.5773502691896258];
shearCoord(9:16,:) = [0.7071067811865478 6.938893903907228e-17 -0.7071067811865477; 0.2988584907226847 0.8164965809277263 -1.1153550716504108; -0.408248290463863 0.8164965809277263 -0.4082482904638631; -1.1153550716504106 0.8164965809277263 0.29885849072268456; -0.7071067811865478 6.938893903907228e-17 0.7071067811865477; -0.2988584907226849 -0.816496580927726 1.1153550716504108; 0.4082482904638629 -0.8164965809277261 0.40824829046386335; 1.1153550716504106 -0.8164965809277263 -0.2988584907226842];
prismLinks(17:24,:) = [1 2; 2 3; 3 4; 4 5; 5 6; 6 7; 7 8; 8 1];
prismbVec(17:24,:) = [0.0 0.7071067811865475 -0.7071067811865475; 0.0 0.7071067811865475 -0.7071067811865475; 0.0 0.7071067811865475 -0.7071067811865475; 0.0 0.7071067811865475 -0.7071067811865475; 0.0 0.7071067811865475 -0.7071067811865475; 0.0 0.7071067811865475 -0.7071067811865475; 0.0 0.7071067811865475 -0.7071067811865475; 0.0 0.7071067811865475 -0.7071067811865475];
prismSlipPlane(17:24,:) = [0.5773502691896258 0.5773502691896258 0.5773502691896258; 0.5773502691896258 0.5773502691896258 0.5773502691896258; 0.5773502691896258 0.5773502691896258 0.5773502691896258; 0.5773502691896258 0.5773502691896258 0.5773502691896258; 0.5773502691896258 0.5773502691896258 0.5773502691896258; 0.5773502691896258 0.5773502691896258 0.5773502691896258; 0.5773502691896258 0.5773502691896258 0.5773502691896258; 0.5773502691896258 0.5773502691896258 0.5773502691896258];
prismCoord(17:24,:) = [-0.5773502691896261 -0.5773502691896257 -0.577350269189626; -1.3938468501173522 -0.16910197872576266 -0.16910197872576288; -0.8164965809277264 0.40824829046386313 0.4082482904638629; -0.23914631173810053 0.9855985596534889 0.9855985596534886; 0.5773502691896258 0.5773502691896257 0.5773502691896257; 1.393846850117352 0.1691019787257626 0.16910197872576282; 0.8164965809277264 -0.40824829046386335 -0.40824829046386313; 0.23914631173810064 -0.9855985596534893 -0.9855985596534891];
shearLinks(17:24,:) = [1 2; 2 3; 3 4; 4 5; 5 6; 6 7; 7 8; 8 1];
shearbVec(17:24,:) = [0.0 0.7071067811865475 -0.7071067811865475; 0.0 0.7071067811865475 -0.7071067811865475; 0.0 0.7071067811865475 -0.7071067811865475; 0.0 0.7071067811865475 -0.7071067811865475; 0.0 0.7071067811865475 -0.7071067811865475; 0.0 0.7071067811865475 -0.7071067811865475; 0.0 0.7071067811865475 -0.7071067811865475; 0.0 0.7071067811865475 -0.7071067811865475];
